90187 62 30
53907 42 164
82473 58 13
20919 53 45
93794 44 135
40293 50 44
65875 44 96
18174 25 106
102308 44 134
27684 36 87
103367 55 168
66199 54 105
101341 53 2
96723 65 0
65261 37 130
31386 56 7
17160 45 117
40321 49 49
49838 64 90
22815 59 7
58421 40 5
47186 31 14
92398 66 127
91840 48 96
13498 32 55
54198 65 141
26987 56 28
90701 28 114
45796 42 58
42809 29 150
24003 44 47
24253 62 148
52376 49 16
33372 50 4
82108 61 128
93816 39 24
103026 59 31
90602 66 140
61698 48 114
42056 29 94
7174 44 19
47483 50 151
51572 47 65
58063 63 66
84763 64 74
99358 37 65
100251 46 28
64746 54 59
67700 39 59
23410 55 35
61438 42 65
72599 28 172
51356 45 40
85883 61 0
92510 64 19
55912 55 12
42090 44 162
7335 55 132
81790 36 139
63104 52 116
52946 29 146
7929 64 72
44445 54 140
43232 72 71
78273 44 115
87977 45 160
34862 46 158
6831 48 25
89563 35 22
92697 60 88
98556 37 133
99758 51 20
78551 58 67
32398 40 14
82885 58 108
92378 46 8
78679 54 45
93951 43 69
13137 47 127
64869 65 168
36787 43 117
64806 55 142
90514 67 79
42966 38 104
62760 61 66
91940 50 93
78073 38 46
73408 40 78
10152 46 101
92837 65 13
31813 41 30
9305 42 143
38499 24 46
63790 48 59
70035 40 140
7677 29 68
76228 61 32
43515 51 80
90007 41 145
79989 39 0
68469 51 99
18736 49 38
93709 57 35
84085 48 41
73327 49 101
23293 47 78
35297 47 144
51857 33 68
103576 51 118
86314 64 22
35986 59 112
34474 66 112
45534 35 107
50160 66 18
85990 45 44
19049 43 28
19644 68 89
61134 30 139
86617 37 171
76978 38 59
91542 50 41
49723 58 81
59402 31 77
18047 48 124
68751 57 168
51622 64 119
97187 61 109
71040 22 10
22979 61 168
53254 54 164
35565 48 168
92182 49 86
81083 30 115
63388 49 93
60028 70 134
44497 45 15
62624 52 118
67678 72 122
18321 67 65
81267 54 14
79355 68 2
92394 70 128
46331 45 152
11464 60 167
16969 62 7
26430 38 46
101397 42 61
72722 29 40
96055 38 152
27486 49 44
51321 64 62
87294 67 84
49216 53 45
71834 38 96
12548 45 156
52477 28 12
64755 42 48
43375 68 14
17526 30 38
53869 42 89
73119 36 65
85126 58 100
78681 59 1
80659 64 22
40303 46 85
93002 47 158
68622 45 16
84038 32 145
25873 52 20
39305 55 46
75008 64 113
60089 50 112
86728 51 27
31951 67 168
51884 39 165
12299 65 128
23760 58 47
40326 68 33
60985 48 22
18716 30 122
74259 44 147
25390 62 171
42614 47 105
71829 59 165
58674 66 7
39405 61 43
8340 30 68
11992 66 6
60600 32 9
24048 58 76
63073 67 68
88242 37 97
69397 45 42
64509 44 72
101508 36 134
24466 50 157
95322 48 161
77839 51 129
56403 40 80
14647 63 121
90406 37 171
10159 40 40
67495 27 86
50890 36 122
47300 46 15
73742 53 150
89140 61 113
44099 35 59
76008 45 42
23978 45 134
40849 33 135
35110 60 78
32754 56 157
22437 40 80
34067 53 158
8255 55 84
64210 46 133
86065 69 86
63690 62 82
29492 46 112
44840 27 83
41243 46 13
75304 45 105
13950 37 125
63950 45 124
60353 54 125
82644 61 120
51370 61 109
93608 42 162
84154 68 70
11012 46 30
82113 53 47
42630 61 32
28288 60 83
77130 67 145
69624 71 48
71022 46 107
77348 58 7
17663 36 93
51109 51 148
88730 42 144
40581 48 93
13870 54 66
62344 59 147
48066 60 91
65813 48 132
77972 48 121
66085 43 114
13160 55 44
79127 62 14
97266 55 145
17907 62 118
92843 69 141
30675 65 82
15260 64 94
44872 31 47
82204 38 151
101535 54 165
85178 61 6
61294 61 37
43113 48 40
22655 67 57
28222 60 151
70738 35 98
62569 44 101
14588 51 17
9958 41 94
8035 64 73
90760 42 19
25588 65 40
90802 69 63
82819 66 89
19350 35 91
56269 28 160
91559 36 55
98896 42 155
15928 34 39
71378 69 48
84326 48 119
35949 66 94
45011 47 79
45527 41 109
39734 41 41
95070 44 24
13823 34 134
44568 38 130
64452 37 127
102651 38 10
81964 49 154
72737 58 125
88966 47 20
94450 48 4
101483 62 41
83726 67 70
30247 62 109
40255 53 71
63942 25 29
50112 64 32
55343 56 100
8065 59 30
99530 43 68
76358 37 127
53131 68 115
53439 53 69
68352 42 151
68703 42 169
66272 50 146
66258 49 105
6513 31 15
85676 59 90
23316 48 47
17361 37 65
74768 66 73
33585 57 106
34304 51 73
85739 72 44
98997 48 154
73739 61 171
34063 55 160
24432 35 134
25103 68 120
76907 56 15
9658 42 151
18119 40 147
83778 64 73
16279 54 87
83740 48 170
75505 38 116
45692 38 41
11754 60 168
35225 41 2
10705 48 26
50406 65 151
72533 61 172
29658 46 42
7028 32 46
46942 62 61
50365 43 6
35632 38 75
101879 28 143
62008 39 43
6337 70 1
91371 52 16
73792 50 150
49456 53 97
58414 63 66
34169 38 153
66908 56 30
53524 45 18
14410 66 100
61242 59 130
28519 52 73
90825 44 159
12802 51 107
24131 30 146
95199 47 10
11378 62 120
32789 26 168
14587 47 135
76306 43 107
89141 60 47
78548 62 155
53222 63 102
39807 36 14
84115 28 126
8765 49 171
24324 45 172
54855 48 83
64831 60 140
91238 61 74
56343 27 107
67883 30 100
74397 47 125
80777 37 31
72018 61 0
75443 50 151
14928 53 167
78914 61 145
77352 46 83
53707 65 109
43182 44 86
51395 37 152
6900 48 118
54310 49 78
92703 59 168
12716 62 62
71833 63 166
25750 55 124
36540 50 134
74639 41 88
65941 66 66
83475 47 137
46579 40 118
95686 42 154
38054 53 19
58330 47 76
81442 52 5
99913 67 36
101458 52 150
54464 57 19
16792 38 27
48489 52 31
42512 61 127
7284 55 53
35358 35 133
72091 51 166
86658 32 164
31711 47 92
89461 61 102
53992 63 41
48675 63 127
27427 44 146
32109 53 165
13112 57 121
62276 48 123
32067 62 163
24462 30 0
102980 69 162
80571 38 86
103798 44 78
47243 42 109
71512 44 36
60559 59 134
65307 38 68
98282 40 114
51906 49 129
68085 44 127
77355 56 78
93369 55 96
59378 57 35
41086 45 153
17497 38 170
102076 34 63
7253 57 42
40900 69 9
75555 62 142
8112 28 42
9065 49 112
12688 60 124
58289 41 53
58395 37 9
15695 62 28
88924 40 93
82115 63 128
10394 50 109
59945 70 41
8071 66 7
62687 46 171
14895 64 57
80760 45 15
15593 66 102
87830 24 43
76720 59 28
93039 39 173
22590 41 31
50053 67 152
8723 50 129
33954 51 82
17595 43 2
30532 36 14
91896 29 10
71678 53 22
89332 41 6
49824 43 81
96573 68 37
53786 56 103
100712 32 94
102417 41 57
91673 45 170
44362 54 42
32057 38 103
104000 46 163
73291 42 47
18632 62 32
97669 27 9
72007 61 74
12121 58 54
10774 60 98
90908 58 42
61256 45 56
75499 43 80
18114 54 148
89202 58 47
20506 62 165
94048 41 29
45784 44 164
74328 33 110
84097 62 167
48139 63 160
49244 64 144
94759 32 4
35878 40 135
95165 38 147
55757 24 128
63802 33 44
92842 46 44
99502 50 106
59266 45 158
25364 66 13
37913 69 75
80662 61 168
39421 41 22
73942 72 91
29935 61 94
14529 53 128
55933 66 81
41103 67 18
13077 27 127
36827 30 7
52892 47 141
50575 46 93
66553 63 86
17793 43 73
36278 45 27
74686 54 14
48416 53 121
92358 67 109
20563 29 130
91394 54 101
38975 62 3
82740 52 166
34294 35 153
37290 53 118
27220 57 152
80492 35 93
95914 50 29
63730 68 108
98820 63 87
39626 61 33
29517 52 140
98493 51 173
88922 31 55
23819 67 7
10654 43 142
62135 58 168
76593 33 132
7768 65 102
6689 32 109
43091 65 101
54950 36 115
63033 55 45
53731 37 147
75909 55 155
42880 42 134
16692 67 64
96320 34 121
11431 33 43
80569 39 55
12881 42 68
79592 27 151
77957 47 24
28846 49 161
102532 67 17
29182 34 146
57083 61 165
89055 44 125
37848 63 113
37683 49 129
74391 52 164
67469 47 76
74823 38 135
37637 38 117
32434 67 1
60420 52 93
100584 55 148
94512 48 107
90731 46 28
58150 66 1
97160 61 32
83792 47 89
91348 42 167
8579 52 16
101033 70 108
84180 63 110
18750 53 156
27176 59 34
21882 46 36
17734 59 128
44465 56 17
43568 37 19
88994 51 14
87804 37 172
84846 38 124
8653 52 75
79927 36 107
93302 50 152
11366 59 43
8495 44 21
85284 64 88
79681 35 16
64683 64 126
17799 50 35
80583 52 34
61733 37 134
9347 48 121
45363 47 41
88928 42 107
101595 59 120
92333 64 102
37802 68 109
30903 59 153
100636 40 29
19914 40 76
48282 45 128
11860 63 141
57702 59 128
39076 48 101
68148 48 42
99197 61 32
29445 31 66
96114 46 20
59774 51 143
63707 65 36
100595 50 141
78346 61 7
43748 47 137
76363 58 64
20353 53 103
80500 35 56
50633 70 31
46081 48 106
46973 50 5
87443 55 15
93909 67 129
70733 47 129
39719 52 114
35854 58 166
17539 41 56
75513 45 4
39288 37 145
89642 44 11
50433 63 140
15921 44 97
37746 58 126
25961 39 132
20844 65 19
87453 42 109
54788 46 151
59068 34 127
103476 32 56
101788 33 155
59673 39 135
49585 34 139
34259 34 139
11387 48 0
14495 64 129
81369 42 165
45234 53 0
102699 38 84
78437 38 70
57496 43 45
76880 40 28
103081 39 172
49142 45 8
28976 53 23
25386 63 131
37171 44 44
48350 41 9
27751 52 31
52527 35 124
7366 61 32
30085 50 84
94896 37 5
96068 39 154
40330 44 30
72448 30 83
54535 53 104
81439 38 154
17476 28 55
88471 40 47
42892 65 94
26608 30 15
72154 36 133
71435 58 149
32632 35 168
24524 43 98
64829 54 141
9547 51 165
71408 67 148
62349 58 87
38808 43 125
38384 33 151
7549 64 60
12005 27 132
31763 60 33
26927 71 147
12905 41 82
59789 68 48
101386 52 116
84599 33 153
43423 45 123
48206 52 100
88425 50 71
53621 45 26
35508 52 72
35563 36 27
41263 60 107
27655 45 111
38616 28 47
32939 49 28
93626 42 165
101801 60 28
94638 61 108
10833 43 105
89275 46 43
47146 57 158
24154 38 47
60360 40 41
46279 59 75
81904 54 144
101684 58 99
88438 51 169
17708 44 130
74648 45 12
10639 64 85
101026 63 24
77276 48 52
79834 46 160
81786 71 90
53639 63 87
14458 62 83
90090 47 85
66435 54 1
57175 70 86
90184 52 27
8177 38 144
89619 38 9
45871 42 170
36554 66 62
101254 46 79
98324 47 123
26593 43 157
50817 51 2
88742 49 47
96647 71 85
12360 35 67
42363 35 125
73136 31 132
68884 44 167
18975 37 133
55996 44 164
36228 46 31
45589 46 155
29264 71 172
56772 42 5
85656 59 87
51010 45 49
38028 51 73
16012 49 87
62390 50 20
28855 37 27
87284 43 143
70911 70 48
59475 46 47
77078 52 34
88648 50 123
80403 47 87
99565 58 124
61497 70 103
40389 54 146
51929 47 122
45052 52 80
41902 48 40
61720 30 22
74531 59 101
34091 55 6
65163 36 1
51267 61 94
99760 55 12
9403 53 108
38812 52 170
61581 47 127
77287 36 110
101399 28 49
15720 68 156
74521 38 38
32826 39 66
31353 35 162
37246 44 41
30378 65 130
88125 67 29
83647 47 117
98265 46 134
24783 39 147
16432 63 127
96321 56 28
67208 49 14
102165 50 153
9138 58 124
77387 28 17
17667 36 112
26110 31 12
45089 58 5
90860 60 121
94891 51 172
25642 30 95
34081 50 40
75776 66 1
100471 33 23
57888 57 43
35942 58 125
96311 32 11
35502 37 112
69058 44 47
64587 56 152
84691 70 120
94547 46 42
37306 53 28
20422 50 135
60688 47 72
27145 42 157
46150 50 46
36479 38 135
13973 68 84
46181 52 19
24284 66 114
37543 50 127
88743 52 141
13369 56 36
30544 37 117
94782 48 81
61519 62 134
47926 43 29
77223 59 49
59403 26 123
54436 66 155
86405 38 127
36239 48 25
43518 61 20
69496 40 100
96003 24 8
70169 69 138
77854 41 109
75604 58 154
37582 32 30
18579 46 143
18492 40 31
15304 33 135
22977 58 74
83888 60 103
44645 59 1
39582 46 151
45261 46 150
86906 62 144
53006 53 20
52796 36 41
84055 61 64
19831 60 165
74614 57 157
70957 39 97
23409 58 40
29979 29 58
47267 53 129
60636 50 41
67856 44 40
22973 62 0
8597 52 35
13091 53 65
27831 43 57
81317 42 4
51870 66 149
98857 25 91
99972 27 99
47789 47 28
37540 50 127
49737 42 4
86605 36 36
88328 43 101
9723 33 66
85021 55 38
7134 34 37
62813 50 165
103386 59 44
95168 51 124
81498 46 57
65653 40 68
103621 63 27
61868 66 14
59797 43 1
54138 66 94
96967 45 99
73918 64 98
74055 55 43
27523 68 18
39219 27 22
22197 32 77
41293 43 86
27120 38 127
54598 60 71
80086 41 35
103802 50 41
43159 24 43
17096 65 130
39337 66 104
90985 39 97
7790 66 165
52875 41 22
91462 36 124
20589 33 17
32983 40 164
75543 51 154
101449 60 36
46783 44 40
94478 39 149
82879 26 24
27001 37 29
67967 68 46
86042 25 81
76207 61 168
38400 47 118
9904 54 159
50081 61 51
68679 67 64
66606 42 102
24775 46 82
92839 28 24
47085 54 45
48413 54 144
8186 66 24
30689 32 158
11702 56 30
25667 44 135
103331 47 9
44539 53 59
80694 68 84
18059 59 103
61170 70 103
37588 35 27
59066 65 21
94590 60 32
97667 60 152
34808 70 127
58858 43 15
96364 56 61
71340 59 32
26370 57 76
49135 54 89
101710 68 111
85976 72 120
73568 49 99
42756 52 76
26203 46 124
15102 26 23
66006 43 153
42996 54 171
70802 27 133
95226 54 118
44590 64 66
66950 54 86
45852 37 73
11486 39 151
66811 68 85
29100 45 164
11959 67 138
45487 35 135
95540 50 25
10773 45 69
59421 72 140
13683 51 35
32840 48 82
30699 65 121
100608 48 148
90675 68 127
13079 42 73
89064 59 14
69776 53 109
20368 56 56
47119 41 129
23196 54 125
91252 59 166
37225 57 27
72795 65 24
18065 40 139
81647 65 25
83656 45 113
95419 62 123
49497 48 97
40262 67 123
42490 30 83
85429 46 29
54908 67 47
62994 51 150
32247 41 98
74191 64 173
8404 28 55
30147 60 144
36763 61 81
28452 55 19
51255 53 165
44386 44 14
61455 38 53
10628 65 76
41342 49 22
22554 46 112
18046 67 88
28513 47 11
100483 43 8
90637 63 53
17787 62 130
62065 50 166
84514 56 63
23129 54 102
59255 37 49
46742 47 172
50592 49 135
6552 47 96
20301 27 11
91709 40 41
60623 25 24
83581 37 163
14367 64 121
24076 71 149
53218 43 127
95303 29 24
97338 61 32
57812 69 149
15701 61 28
70929 64 139
65460 30 153
92494 67 89
62614 66 30
88750 28 4
76010 35 135
76313 51 101
96342 67 62
48916 61 147
92576 66 126
26939 47 151
80809 43 59
42568 67 7
6319 42 10
22825 45 40
36783 61 166
86689 63 107
84970 59 10
103016 27 135
103112 52 21
25362 70 34
44416 51 158
15024 62 0
75722 33 11
49881 44 29
90843 56 41
94915 29 102
69931 55 112
88288 61 101
13294 48 112
99248 35 166
49388 32 33
103223 57 66
44441 51 147
36599 56 1
56058 35 153
8145 30 132
66467 52 74
86612 34 21
8550 59 119
58901 61 37
42866 61 166
24921 55 161
90893 61 74
56225 47 107
78723 54 26
95514 49 73
24528 46 124
65337 43 173
75025 64 84
14348 31 118
10399 59 33
60211 62 171
30158 56 103
11312 36 27
12196 63 84
63829 62 0
45068 51 19
86594 69 171
38364 55 118
55561 30 135
7482 60 144
17447 64 101
20227 36 103
96420 28 27
9358 59 145
84401 40 173
16871 51 20
28521 73 28
86276 45 55
19365 39 33
90939 63 164
56020 27 30
40560 47 21
82259 58 46
51162 30 8
87528 67 104
35232 52 117
86212 46 152
27786 45 123
35699 52 27
26354 68 169
85793 55 80
49802 53 45
58562 53 153
42484 33 151
89912 62 41
60982 35 155
61340 46 63
54774 43 67
25956 36 93
78418 38 133
98667 59 128
92978 54 88
62554 56 19
81299 39 89
45266 50 101
12673 40 154
80065 64 144
37162 52 168
62867 41 49
103953 43 105
12891 49 67
85818 48 55
41450 55 103
92151 35 135
27638 38 155
23944 46 79
100005 53 124
87893 29 56
37097 55 75
62905 66 120
96653 62 37
49152 48 9
10245 61 6
100243 48 33
36174 37 9
11809 42 51
46815 38 104
46897 59 93
79856 44 57
93392 34 72
85682 61 173
46754 60 109
90392 30 153
12045 46 79
55680 43 44
99670 40 126
30586 40 112
88984 50 123
103671 70 116
34267 64 102
84795 58 161
51384 37 171
13387 39 111
49771 28 8
65695 65 133
90156 50 81
45610 43 32
93194 49 148
58481 58 119
60054 54 34
52503 59 51
17951 49 150
97752 43 81
73821 47 34
103445 50 170
52421 54 143
17407 42 89
101143 46 165
78517 56 124
7774 35 153
44579 41 154
86736 68 141
18155 51 35
96302 54 91
54246 45 99
55378 43 72
13324 42 55
76626 56 41
62273 65 162
99594 50 50
10786 32 168
33418 48 50
75284 70 6
51795 44 138
37705 60 45
47174 49 129
64378 58 6
24226 47 124
70430 31 95
76866 60 28
86797 46 31
83257 34 117
41815 50 109
22356 36 122
35570 33 166
12692 47 150
83011 46 107
46405 43 83
79828 40 160
35598 26 56
42965 49 98
17482 40 74
21230 44 49
58835 52 123
24795 36 125
63202 61 114
31122 43 154
51276 61 74
33342 58 65
42011 72 139
63937 29 108
61643 55 94
87552 71 128
66386 48 159
62343 47 121
45455 44 141
22865 58 6
69109 63 162
15386 27 122
15983 40 115
89831 43 69
94623 35 56
31419 51 52
26913 55 143
15869 65 145
40213 38 152
64481 43 44
21691 55 86
91821 43 87
87854 39 170
46316 52 170
68752 52 165
69821 42 156
37072 23 122
43047 52 33
102169 59 67
65987 46 48
51448 67 48
69288 71 72
20624 48 37
69833 44 12
7513 32 114
36184 58 107
13394 36 107
78355 56 113
12467 60 164
66170 37 67
25822 63 66
100691 27 82
85133 69 67
35330 48 118
57693 44 106
56363 56 14
78397 41 49
81930 48 34
43759 63 148
96487 41 164
33480 54 64
45359 44 105
51346 61 74
64574 71 66
50860 52 173
77806 49 120
65704 48 158
39943 41 107
50971 57 79
85482 36 152
84525 27 44
37717 64 121
24445 31 122
34052 48 105
75623 48 79
59675 62 173
96151 41 71
91108 58 168
53522 42 82
89813 46 119
66820 25 166
6656 48 54
89569 55 158
44946 46 69
92351 57 165
65391 34 10
6285 63 113
82313 47 166
52684 55 108
78561 62 50
93143 57 154
45316 27 81
76819 38 173
41308 64 107
19016 57 124
19814 57 125
88540 42 119
22822 51 151
90121 50 123
95223 59 27
49785 43 65
60909 40 44
71296 34 16
67317 27 19
59062 57 20
58511 48 164
16114 45 90
52191 42 69
86880 51 33
97297 61 0
34185 64 126
20761 51 28
14256 62 83
76677 37 155
55654 46 155
89386 36 21
64129 30 66
60488 37 129
33510 71 120
46167 45 100
32727 45 153
68905 49 54
40602 66 83
15927 67 130
38219 54 4
14910 46 67
78238 44 164
56637 45 18
32841 37 159
10674 60 14
98283 50 149
86232 55 50
17214 48 66
40461 66 172
10439 70 66
60723 57 157
89500 34 101
79837 34 112
103598 64 59
79680 34 43
90512 54 170
18109 41 119
33050 37 154
47046 62 167
12829 66 84
14130 29 56
98415 42 55
32922 54 55
90384 58 115
46755 62 74
53920 46 27
48904 53 126
38794 55 86
7085 55 21
73606 44 166
60390 44 50
45544 46 60
95570 54 144
39589 38 123
29562 65 113
8503 44 72
27614 66 84
6327 38 105
23273 36 7
12417 61 81
8248 39 47
71264 27 83
26002 63 35
73375 44 100
58738 48 105
101835 62 72
60769 37 69
46140 51 12
40555 65 171
34089 43 80
60801 49 86
11867 58 108
43826 41 77
51986 32 131
64962 66 105
36536 47 16
103494 57 47
89329 61 154
92699 54 42
56760 57 81
81594 35 55
54322 34 81
36218 49 15
66072 42 108
37818 65 129
99053 61 48
56032 62 121
10517 36 32
42701 29 10
9635 71 142
10330 64 71
20647 29 157
40605 50 170
17366 68 84
84404 51 48
29791 39 152
67831 39 103
89429 60 0
48746 61 76
77353 55 135
48692 67 19
59246 36 83
62300 64 35
43403 44 94
96028 61 127
21217 39 100
47299 66 144
39900 54 87
68549 55 107
46716 26 22
72147 62 61
101448 49 9
57195 49 14
46821 45 112
14675 49 21
9405 51 106
53858 72 28
80398 50 45
64249 41 86
59767 48 135
12972 32 151
29960 46 93
66262 35 114
46357 49 37
14136 68 90
96727 64 50
37748 66 27
55144 28 167
20649 60 75
38370 63 160
96339 54 48
52393 37 109
39106 60 108
28483 67 130
72022 48 16
92977 60 127
50709 43 144
40754 62 8
67129 30 164
45918 38 138
42700 30 83
85578 50 86
20500 66 160
56123 47 72
74937 59 0
18598 56 162
74623 41 15
91972 67 140
72357 66 120
86912 46 105
6441 26 48
100928 67 144
64155 63 80
23214 50 83
51704 50 17
81125 48 10
77042 46 21
35532 71 75
65057 46 157
60887 57 168
8390 52 150
64732 15 126
55275 44 61
78141 37 56
52558 42 3
102199 67 75
44854 62 29
11325 48 4
69911 55 61
92123 43 21
77642 32 135
26935 32 84
16622 65 161
34859 39 45
83079 66 99
96860 54 154
54532 53 143
54134 54 14
34434 38 77
45990 53 139
76500 64 126
72454 62 64
60038 64 22
54471 55 128
45943 40 119
88709 41 67
18413 70 142
46819 44 149
77110 31 95
81229 28 4
68921 50 20
26992 44 44
35044 57 35
35098 54 34
59264 29 97
97602 65 100
45617 30 86
103947 36 55
69801 52 47
71651 33 134
53113 62 7
15546 68 84
49643 48 7
47567 49 45
52715 36 67
86864 30 10
96823 58 16
75795 34 9
101527 61 74
100050 41 152
50026 66 35
47810 36 81
58854 45 89
13820 47 15
95600 53 62
44719 46 82
98083 34 173
43167 63 150
88460 30 168
67998 47 149
48187 49 107
7422 38 30
87476 31 37
64989 52 35
17163 61 167
9254 66 102
24455 25 5
90595 36 100
70900 29 37
91525 53 43
88550 63 35
21402 32 8
83046 50 166
29441 30 46
9056 36 127
20370 46 77
96001 33 157
31944 46 132
29786 59 102
91198 48 167
77768 52 118
27093 36 156
29899 45 104
14455 32 64
70437 45 154
27792 52 98
36544 42 44
49794 34 135
39976 47 30
70188 38 59
81223 55 107
86296 31 5
10015 39 122
9679 59 165
20028 38 123
63045 62 60
27990 43 82
62041 43 45
86294 47 121
40320 52 89
39393 63 68
16098 64 71
15388 62 89
60442 33 68
82029 47 30
76081 46 21
102175 53 147
55237 45 107
37722 64 84
23631 43 28
89652 37 7
23615 48 165
35121 39 15
20490 53 162
8191 48 42
21317 58 37
102379 51 114
78105 39 66
28157 59 122
98042 64 18
62603 43 47
86841 29 151
18228 48 123
39979 40 68
85922 55 66
41085 34 29
16405 44 119
37451 58 123
90935 56 21
83564 39 138
52712 48 104
35266 27 117
55939 49 67
30163 66 23
17873 51 42
6631 52 166
90004 57 62
16299 45 29
28383 40 127
67741 50 128
10014 44 121
7712 65 147
52442 63 47
97837 27 110
62947 45 128
93026 26 146
10700 40 9
61277 61 93
51690 43 69
16658 56 7
24191 45 94
61975 58 49
62080 48 41
11323 59 146
77861 46 120
74041 61 162
38706 63 67
99915 44 142
85244 24 170
15573 56 139
22580 30 69
40582 53 94
34048 53 40
61183 67 75
54304 35 28
85477 46 46
25060 58 107
70808 49 1
86291 47 83
73518 58 145
37337 44 149
50628 58 4
64502 42 30
12597 58 145
92702 64 148
25320 43 26
36966 45 105
77289 43 26
19198 54 74
65432 41 8
30015 58 41
46104 34 112
68054 47 108
65357 68 169
12565 40 72
78600 47 164
56840 50 97
8633 32 27
62242 65 39
17600 49 31
75644 47 79
92867 66 23
23421 32 103
41907 58 128
44910 46 140
49682 60 130
66737 62 106
80341 39 17
65855 45 164
46997 53 14
17480 37 56
82120 65 84
60479 43 27
41997 53 59
11049 69 35
11319 42 93
22575 39 5
22305 46 0
99249 54 103
70259 36 143
13258 41 127
81826 69 99
11076 45 171
79853 40 115
15615 33 87
60737 39 99
90420 36 167
45374 44 103
55298 30 83
50673 54 67
24228 37 124
35099 54 69
92673 51 44
60446 28 121
59765 68 78
94023 31 22
42536 43 135
27303 48 45
54049 66 75
100778 59 109
97654 39 152
50800 46 61
16429 52 172
90500 68 66
36101 49 1
40704 45 169
8707 58 111
38969 48 72
92377 36 160
103880 66 17
42071 64 126
68924 50 41
24107 38 27
97769 61 21
28728 66 103
40731 54 172
28948 53 73
88925 46 143
44847 60 125
18427 36 101
49037 51 101
12273 53 28
64566 28 55
25359 67 84
32928 59 109
86924 27 9
57761 62 32
46745 61 109
46141 33 83
87204 41 172
93432 54 27
68636 63 11
32822 33 82
33148 34 152
50109 48 26
102466 54 119
82561 59 57
23083 53 44
13638 54 117
52801 36 68
91783 50 167
21375 30 145
84289 44 4
33032 45 104
89575 49 47
31077 43 22
52882 36 8
16049 49 50
98920 37 1
91117 45 112
92424 67 50
20660 41 164
52168 62 144
58393 45 61
80482 50 172
45970 38 55
21391 49 172
31053 51 43
37757 67 75
81994 40 55
73668 32 172
74143 66 62
48862 48 42
97653 47 34
71460 67 85
25698 28 110
88691 55 72
43017 46 21
22563 47 111
84612 55 36
93010 68 29
80251 40 86
64206 37 152
47112 42 93
16535 61 128
7013 42 83
46603 39 80
85893 53 19
62845 59 143
8279 56 89
49249 62 87
87802 49 95
94113 49 124
97163 65 35
77617 36 167
40054 69 107
94179 69 84
74892 64 76
67739 54 35
42187 39 167
33008 61 32
68397 42 47
18551 67 98
37027 35 151
10333 55 165
54160 71 42
11197 48 93
66795 34 106
40292 35 165
72132 39 1
63717 55 82
32433 50 75
26468 60 104
49358 45 84
82023 50 28
43552 55 97
92956 48 95
62092 39 68
37042 50 3
79932 56 165
24982 65 13
12999 65 102
53807 38 69
42114 65 45
30842 47 27
102973 55 167
55576 45 133
27138 42 30
53101 40 83
24008 54 5
18614 69 145
8429 50 115
24056 37 55
76744 60 86
64120 58 68
8422 66 120
38847 45 75
70302 37 172
93059 47 85
98750 48 144
35134 30 116
49832 45 100
88637 36 154
9416 30 173
46358 30 101
39974 59 151
92580 59 58
6268 60 47
8369 53 171
91789 70 161
15790 68 16
22236 57 22
13307 48 55
15424 30 46
94795 67 33
40078 64 20
87490 60 8
34981 60 79
96358 36 80
84003 43 110
44895 46 28
11080 50 103
100393 43 160
16029 39 9
28806 68 16
79700 31 18
38139 61 0
6706 71 163
78850 62 37
99729 32 155
97599 30 31
91175 61 109
68061 60 109
53393 29 43
80490 37 46
6451 27 5
28500 63 113
44034 45 59
27166 28 10
48446 46 99
72525 55 6
14786 66 152
101809 65 98
45346 52 98
10421 47 34
47539 58 25
79006 60 19
61792 39 100
36824 53 65
95081 45 35
55135 32 85
21898 62 94
12827 35 105
49349 48 61
88797 40 147
50612 65 140
17086 67 112
28082 53 132
15018 47 23
57189 44 55
43978 68 95
13327 49 129
89225 47 33
34446 66 47
13834 46 49
45308 48 73
59742 39 112
44337 65 128
47890 51 119
37855 62 114
76353 38 99
15577 68 90
53816 33 165
101070 55 142
10300 37 81
41060 50 167
82460 30 154
30891 49 35
11292 44 45
25197 49 67
18978 60 145
91658 47 57
25753 55 37
13195 38 168
49940 38 81
100023 64 102
49214 52 86
16259 39 124
56101 30 117
34233 39 126
66212 40 71
23452 54 169
92766 58 102
32961 45 99
50893 25 153
47722 56 68
51037 60 32
100999 27 10
75619 38 4
41525 43 67
44209 53 118
95462 48 73
103967 31 23
102700 32 93
39199 38 76
19962 70 72
13092 50 148
50465 35 6
56354 46 0
103503 48 16
64253 55 143
62094 53 66
42916 42 29
18153 52 14
78636 64 94
54121 44 1
22809 58 142
53971 52 20
6840 62 101
11704 42 166
28060 47 89
25393 33 125
27745 50 25
63701 28 20
37898 60 82
88180 48 2
27288 26 107
63676 55 87
10620 60 108
56286 29 40
63490 66 1
75232 55 81
9532 61 74
95238 52 73
54177 61 81
86700 37 114
22773 46 7
69629 48 21
87965 41 121
29619 42 118
20622 49 119
37882 63 15
96539 43 166
89672 51 125
97483 47 57
86808 58 141
88585 53 105
95250 47 25
77252 35 173
91981 55 41
90150 51 149
28586 43 155
88466 62 105
15521 63 20
102840 49 168
103938 34 117
95956 54 45
8360 67 47
64046 36 150
45787 49 54
82672 66 7
58419 42 39
39290 47 16
54484 35 6
88646 64 66
23378 30 83
54313 28 94
102855 41 98
26451 61 36
70910 61 104
22227 67 31
6674 33 117
89776 53 103
18853 49 34
43695 61 62
72078 61 74
23111 29 44
53871 48 147
37453 37 171
51295 46 94
77904 57 161
93892 51 143
75913 48 97
74629 68 61
25944 41 130
83375 67 131
56606 65 2
90234 45 156
19202 53 43
65765 66 144
91629 54 130
88960 56 158
103974 55 27
57941 50 12
20225 30 72
24277 65 146
37692 71 103
35805 62 127
77556 40 167
43661 44 12
16594 51 72
102014 52 141
73887 59 99
15467 61 109
60879 47 26
51699 52 101
64485 26 11
32705 40 79
49136 43 164
39078 26 94
63421 33 69
76087 59 123
44509 40 23
52791 47 44
49510 43 164
99268 55 154
10377 60 130
11481 54 159
20739 38 14
26198 47 147
72625 33 43
91377 39 154
48538 47 143
91747 65 60
45653 45 79
23975 35 127
18740 57 110
64294 72 75
92706 55 48
35649 56 43
28599 54 68
59683 48 35
54975 45 141
80303 36 124
65147 64 164
78709 46 142
60690 47 171
28824 54 26
90103 47 26
92854 43 119
12546 51 163
41454 39 77
39891 53 4
29504 45 99
28479 46 104
59274 36 124
60995 29 72
56770 61 56
98969 44 22
102662 51 40
9070 49 19
31886 40 21
59181 57 30
30253 47 157
98263 38 29
101340 56 18
52416 56 18
27418 47 119
11545 38 145
73004 28 158
77498 46 94
74594 52 95
76857 68 154
68611 47 37
65117 30 97
26788 49 58
13850 41 103
16078 41 150
27172 33 15
91453 56 104
21790 42 168
77147 72 2
7262 41 52
97149 39 55
37741 69 34
37709 63 32
17495 52 115
79848 41 19
18828 50 76
23321 41 10
75905 37 18
30710 52 108
14683 66 82
102974 74 128
33303 43 59
41524 49 46
18941 39 98
30820 47 86
20790 44 2
77563 34 167
87420 63 101
73825 37 71
17644 39 30
29401 30 11
52484 47 5
64671 68 47
45231 47 32
102119 61 99
18291 38 81
28025 40 155
77754 48 85
24158 49 75
65333 64 1
81056 34 95
83557 35 121
15533 52 111
18977 53 22
44923 68 130
93792 42 77
75830 45 146
66930 50 89
59201 35 81
35153 43 165
55164 40 1
7142 62 67
21590 55 61
43955 37 105
28955 42 42
97230 48 16
12819 53 137
35324 35 33
85187 34 171
68194 64 43
101233 32 139
7975 60 120
12900 37 49
62931 68 82
30593 48 153
45213 39 3
67586 33 39
28666 55 133
38476 40 170
72274 56 18
102252 61 74
21271 42 102
48653 46 148
81711 43 64
45780 56 18
16368 69 150
54103 43 118
62320 65 164
69893 59 59
23594 55 50
43038 59 69
60616 58 28
17744 48 63
26653 48 99
16842 49 35
100756 51 61
64823 56 164
83561 44 110
101623 28 65
81258 67 36
38200 48 4
38654 40 12
65541 50 173
26158 44 73
60969 64 73
97531 66 27
36419 57 147
60562 58 7
88008 63 107
73042 57 165
10927 46 133
82577 55 29
32402 44 67
15908 38 118
92232 53 109
88858 53 165
94229 61 0
50250 46 71
83787 48 68
87720 45 43
35650 62 0
60563 55 9
93811 31 154
26509 45 119
95941 66 145
57205 52 145
46396 45 146
13593 54 94
47779 48 1
59769 63 112
16959 58 19
77504 44 147
49314 56 46
66614 67 89
58568 66 151
18078 50 9
77968 46 23
28159 60 99
38027 47 114
37008 39 99
73392 34 104
15098 53 73
103496 67 94
52775 29 158
26172 36 5
19951 56 150
26425 42 81
43572 62 146
49674 32 81
74394 47 100
35419 39 41
76535 56 167
21346 54 2
37077 45 3
35954 42 123
15545 54 73
98742 56 97
89372 34 114
56033 43 107
35311 33 58
9985 57 100
98762 63 104
86283 53 139
52554 55 151
84102 36 135
17392 46 36
99585 45 39
55849 54 112
42678 32 171
21895 63 125
19137 26 147
70335 42 103
88772 34 165
48798 43 27
11810 53 173
31111 53 14
83649 69 90
87205 61 100
103006 54 57
47749 36 15
7273 64 84
67914 57 18
76402 44 1
57600 38 43
18391 38 146
19585 43 82
10031 34 16
85588 69 130
60094 40 123
14391 66 170
31974 58 26
68589 62 172
29349 61 92
66681 58 104
27973 61 74
61440 34 136
75585 51 142
35440 38 125
22346 36 45
43297 50 122
9352 51 76
54904 47 61
31865 37 127
101476 44 19
29629 63 150
32060 29 168
27658 45 85
96337 65 120
89074 32 81
41136 36 140
12612 54 167
45003 28 10
61060 61 170
38524 46 167
74871 67 166
96692 57 68
86517 56 8
60019 52 149
8898 68 64
43729 48 171
54233 64 164
20993 34 27
15508 68 144
35209 46 40
19195 54 41
82646 46 117
58383 33 69
31134 61 121
83662 64 113
32529 36 7
70440 30 122
53689 64 30
71036 47 73
10481 46 77
24846 57 79
21794 54 148
78301 34 152
85435 39 155
9804 44 110
72156 44 128
77739 52 19
69920 39 106
31420 41 97
65935 51 144
98734 46 33
63949 60 74
65079 67 89
95375 52 92
70602 45 133
94083 41 120
39062 32 0
81578 61 31
17869 50 40
35896 61 107
24007 31 112
74733 41 165
57380 44 16
96379 64 19
57542 54 170
99432 46 173
21606 40 172
72713 24 155
94527 45 42
93423 61 94
60098 68 139
69802 41 128
41431 65 148
42393 29 133
43635 66 96
88390 32 34
77291 45 42
60408 64 66
22269 27 94
83933 38 157
91754 36 33
16866 60 43
85799 61 2
45391 54 65
86607 62 74
54379 47 154
95305 60 82
36618 43 168
50180 55 17
74181 63 149
18368 35 155
60706 27 49
80541 60 128
54856 26 9
41351 45 16
34324 39 34
7678 71 31
66177 41 63
75002 65 27
102791 52 164
78121 29 66
19706 50 97
96146 53 73
31575 34 18
73872 36 84
35796 50 68
86705 49 81
14559 25 46
90742 44 87
84814 30 17
52132 46 78
42576 26 16
91356 60 1
42788 44 124
101896 40 31
50640 53 35
71256 54 18
18245 67 160
17256 48 33
72729 51 43
100948 64 144
49997 70 16
28461 40 45
44745 41 57
29764 46 115
37946 66 71
55490 45 144
93541 46 30
15715 46 120
48922 27 131
64833 67 128
33363 68 103
39743 28 11
27528 37 14
16109 60 19
18540 62 127
87448 59 8
20503 66 140
50682 62 167
89961 51 139
47735 39 151
15023 49 153
90400 37 125
60300 55 128
88114 34 152
7162 66 137
60447 59 31
24087 45 123
73676 28 109
92609 63 40
13511 51 124
26587 27 153
54808 64 46
38405 61 109
60338 51 84
20338 57 157
13192 38 123
103955 65 101
15021 62 0
75323 45 73
66113 44 55
21293 66 164
37492 49 39
18713 49 59
31875 48 63
91068 46 126
94365 65 100
15906 24 144
65254 70 144
92294 46 36
31954 61 66
23128 47 1
45210 52 113
33983 43 105
9300 62 172
61016 45 72
20570 39 123
18378 59 59
75014 64 105
82911 61 109
102932 29 30
56581 55 105
18855 33 135
102734 46 111
16870 62 30
16873 50 107
64026 33 173
43785 49 16
22477 34 128
28985 42 100
29129 34 173
12306 61 18
72602 28 170
45950 42 64
27817 56 102
22652 66 164
100554 37 9
73300 57 102
52230 69 37
52241 42 129
37200 58 0
38760 42 87
12941 72 19
74551 26 96
85916 57 144
53413 30 166
62305 63 164
76951 54 46
24506 45 27
87537 38 152
29600 47 61
100447 54 7
70119 30 97
90872 53 40
7068 45 84
68621 64 35
15395 52 47
84418 58 1
21600 72 66
81646 65 24
100635 64 169
95077 62 98
31205 34 4
101287 65 18
26580 70 98
8034 56 106
86623 51 7
94610 45 28
44014 28 95
59263 44 82
13761 49 50
59890 43 68
37314 43 17
74766 32 166
16546 70 17
25638 47 69
89418 50 47
77619 34 164
89731 42 168
49485 26 131
64528 50 98
103111 82 30
73619 37 130
91650 59 144
64802 39 149
70938 64 85
69767 50 129
66947 53 158
61558 47 44
72850 30 12
75742 34 42
25679 54 22
87872 61 26
72124 41 23
88645 53 163
96537 48 93
29954 46 47
91787 61 36
76808 43 129
85318 36 154
19097 52 28
49739 43 87
67045 38 67
14929 59 14
88760 47 0
31132 47 29
23984 50 73
35802 43 152
101734 52 116
6385 50 105
61078 27 172
57982 67 112
13877 36 56
62129 61 94
72556 62 9
32973 50 124
53188 44 41
85438 61 40
102843 40 71
32651 29 153
61670 33 153
77685 45 39
96630 48 93
43128 28 155
91718 63 128
37209 59 72
85049 68 163
87143 37 63
36912 26 14
34306 62 37
11631 63 140
76444 64 140
91833 63 148
82036 49 41
32154 65 162
16673 54 148
54658 43 43
37099 46 137
21758 44 92
89274 34 167
18439 66 4
11037 38 157
47661 48 166
85961 43 141
17452 51 127
56358 35 9
99988 38 115
98039 61 107
37007 50 106
81328 47 119
56569 61 34
46368 42 122
16751 41 115
36593 70 170
57303 46 9
78497 54 166
79347 57 143
74746 41 62
65908 36 103
92231 51 59
84017 37 10
83125 46 87
29073 52 0
45459 53 106
69693 42 158
63047 53 94
62955 46 47
80402 31 147
28111 48 124
57453 33 135
46512 51 145
12826 50 49
36535 58 8
69244 35 142
48044 37 158
93035 72 29
90347 45 77
45986 50 144
40315 57 112
99189 68 86
15365 66 141
47734 46 8
74418 43 11
13549 65 141
28798 49 4
27622 56 125
84523 48 101
35479 33 133
62977 43 126
85833 50 5
74583 49 27
13957 49 73
51696 45 104
63301 70 1
24106 42 68
59624 38 151
98904 44 1
44452 44 73
45904 38 45
17580 42 152
85504 59 103
29994 64 90
6948 52 14
35584 47 41
86995 33 171
19339 40 77
44327 53 143
49845 37 94
43806 29 12
91085 61 74
42158 56 146
23359 36 87
26267 58 141
100796 61 93
85665 31 40
75633 61 141
84692 54 47
57538 65 5
69980 34 26
65788 33 23
33566 28 100
10578 63 103
49661 33 31
42144 48 81
87282 46 125
31613 42 19
33543 48 144
35514 42 7
36421 35 170
92967 46 166
51481 25 62
6506 65 4
91058 56 144
14976 58 72
13621 70 151
12470 37 45
80312 55 146
70370 30 83
16721 65 119
26000 51 63
95329 50 66
21749 68 76
89506 48 156
82208 49 45
62590 46 124
50287 54 84
102236 61 32
63597 61 109
57101 62 74
67735 48 12
65621 45 155
83215 47 115
38816 68 90
67505 60 48
35813 38 81
62735 72 165
93519 42 9
96435 53 162
56253 34 127
20451 46 153
48363 47 101
34359 62 171
88183 58 113
73001 58 159
62234 46 43
99086 39 112
60204 47 115
40164 43 41
54417 51 153
9457 52 26
69631 37 162
45450 47 20
53516 55 119
93585 26 114
103462 42 73
29983 66 5
68497 36 147
90148 36 106
12184 39 112
66902 59 67
15223 63 42
87007 38 20
7492 38 18
11258 45 124
61454 37 52
50873 50 1
37507 35 133
7561 44 107
103864 46 28
18001 41 114
33315 58 120
86852 61 93
6741 45 170
37402 34 101
54997 28 33
44323 35 46
99549 52 67
29411 71 113
45218 48 76
10880 65 50
27473 50 103
38368 68 84
13138 50 22
37060 50 116
71038 55 97
83245 59 156
75516 26 44
79869 26 107
14039 55 62
45300 44 81
86746 67 102
50773 71 160
40937 23 172
29972 59 167
99468 48 98
91172 62 32
31791 47 153
96640 51 49
38833 66 43
16453 64 113
102596 32 24
45746 54 101
85607 43 49
41168 65 88
43621 53 16
30904 61 61
46923 30 40
7529 62 151
55892 53 61
47813 35 55
11787 48 40
35487 48 59
49630 45 114
56832 41 104
48135 65 22
84474 31 152
83571 27 98
16232 55 166
54123 36 109
54511 43 146
82936 39 98
64999 62 19
90067 43 119
87599 39 79
16330 47 168
24334 62 106
50572 40 87
32513 54 104
25885 59 81
72946 58 4
45550 26 46
94881 41 118
27292 43 39
15649 64 118
18040 46 135
46543 36 135
76595 48 82
96631 72 64
76835 50 164
12907 41 19
53759 37 15
47405 43 124
39449 48 20
67551 38 8
82946 42 107
18870 48 66
39879 56 141
66971 65 0
63278 58 144
88473 53 147
10136 41 164
58408 30 162
32520 36 107
39877 42 15
30475 40 159
38035 29 10
72027 53 166
69171 63 37
43646 46 15
27009 46 25
9755 63 5
9428 40 70
35448 48 112
65058 66 3
52971 63 101
31337 40 117
54392 43 12
19070 68 13
55363 58 8
36440 62 29
39782 61 167
100907 56 26
86258 47 100
29704 62 105
48659 57 69
55295 63 121
40898 39 126
11902 56 37
97320 36 57
18949 32 153
103964 40 157
99384 64 46
23158 67 50
45496 41 73
80255 47 45
7159 61 35
9240 36 58
36011 50 165
39042 39 107
64416 51 98
65784 44 155
33462 42 108
88275 42 110
25540 65 146
7242 72 3
13452 47 133
38801 30 47
83527 45 96
61234 50 59
50329 55 165
19665 66 162
97234 46 17
88132 27 114
54758 31 54
43674 36 147
72204 39 74
102961 54 117
99807 56 139
77333 42 15
47141 50 162
43018 48 114
72177 46 124
6420 45 47
82783 50 114
82752 59 45
57037 33 19
44512 48 8
31730 37 172
73491 32 22
51345 64 172
62485 52 20
68598 33 12
47700 63 12
19136 40 27
16982 39 67
85208 43 21
34713 63 114
102584 36 117
60159 41 41
57061 61 74
45924 60 105
61639 49 5
46689 42 170
50354 30 7
9105 57 82
75844 46 44
28799 54 87
20758 43 94
6225 36 4
10631 31 2
82235 41 41
88383 38 146
7965 64 84
32432 34 31
41167 43 16
84172 66 72
42098 50 41
67984 54 19
62777 59 46
54113 54 64
46737 50 55
40484 47 46
60724 59 36
39946 71 121
85323 36 151
74330 48 150
91442 26 86
20964 45 125
58464 46 161
38325 39 30
60900 36 135
95596 66 123
64458 53 130
75054 59 126
91553 34 165
40060 66 43
27575 37 12
40446 59 8
39960 47 141
66290 29 144
6973 59 40
98687 37 127
59250 32 138
17231 34 45
30641 41 16
78755 64 28
57071 71 29
99564 42 131
88968 49 87
33755 68 3
15141 35 167
52698 27 81
6570 34 157
101075 39 79
44436 30 124
24019 40 128
86629 61 128
83836 52 155
100386 42 110
62712 28 135
37773 68 160
16659 46 90
55880 39 14
23553 34 127
93852 32 130
6561 61 76
11717 57 116
94861 62 33
79903 55 38
22431 43 164
58716 63 122
21033 66 59
53889 71 89
59835 61 44
20401 33 110
10996 57 19
21681 46 148
55257 31 10
62243 50 93
42634 25 146
87817 54 144
13723 55 71
87848 46 125
51121 31 100
64296 41 158
6395 67 142
84086 40 94
13266 37 116
47429 55 144
77940 45 148
64908 64 125
60130 66 14
97216 60 84
20875 55 147
50724 46 160
15578 54 157
80514 47 94
8398 50 142
63558 45 45
77892 37 116
78480 54 11
41203 30 8
40565 43 112
101593 27 136
69556 62 143
86383 65 18
95336 68 130
8522 48 5
97554 47 163
104019 68 90
17419 53 147
46478 44 69
89286 66 89
14704 63 76
52778 39 90
68479 32 100
92492 37 93
16193 42 115
16131 66 160
76503 65 126
86080 37 131
34969 45 92
76822 36 167
95200 35 124
31760 67 164
22626 61 114
51100 44 99
96616 57 124
78185 45 28
93229 50 35
81823 63 129
97104 59 168
16274 40 114
76526 28 132
20431 64 5
60697 29 162
38718 52 164
86615 65 101
69673 26 151
87922 30 15
48719 36 15
76853 51 166
93629 46 152
90993 34 77
86309 39 83
62180 36 167
66961 58 168
45324 37 10
41758 66 130
71466 70 38
10633 31 56
47524 51 99
10331 49 84
20411 46 113
64150 45 25
51793 37 125
102426 52 157
89112 51 39
64694 47 142
54742 34 56
10890 54 93
102826 38 28
41734 51 128
22145 46 171
62838 64 21
84494 47 167
13482 48 101
70821 60 75
24800 49 29
60862 52 125
57451 56 71
18299 39 90
100348 64 153
48962 65 8
95387 46 139
37728 65 151
48745 62 30
59610 24 151
16087 32 15
92527 36 135
97717 48 48
36919 49 131
59804 54 158
33643 38 56
80399 43 74
75743 27 133
26291 69 49
58255 46 153
15384 67 59
41142 60 109
90552 36 15
40184 43 11
20068 52 24
79207 56 56
42534 58 40
15326 56 62
39975 61 74
83247 49 154
91611 47 128
49186 30 144
93176 26 155
96093 47 154
47859 44 173
47796 39 12
37486 47 46
60640 39 171
74592 50 68
42247 44 15
59943 26 5
26475 56 33
11360 46 47
63412 28 56
81158 35 98
103860 49 154
98777 63 107
95556 63 106
52721 68 42
49910 27 3
29649 36 129
83181 59 19
77912 53 41
8345 45 20
102546 36 130
85886 46 44
48679 53 139
60286 34 154
72418 42 148
56448 45 172
22201 63 20
50620 43 119
85635 55 112
12142 48 104
77151 45 83
84465 58 94
83913 31 37
83688 67 171
54422 38 89
92760 53 75
20352 58 145
60667 34 162
70301 46 114
46052 46 80
73048 60 82
92693 50 32
83318 67 50
10664 34 34
29009 55 102
97664 68 101
11256 41 81
26672 43 53
55212 42 21
66392 37 139
21940 65 46
40369 46 49
25085 35 88
91514 62 83
85989 54 104
60191 28 29
73817 62 148
42041 38 112
74525 35 133
59144 41 121
51011 27 97
51752 56 123
64801 64 23
63828 72 144
91859 68 48
94958 35 160
56317 31 12
29964 60 161
82955 44 41
88798 51 87
47768 44 43
8183 40 171
36045 64 106
49511 43 119
42755 61 74
68100 36 20
19617 48 101
54242 68 128
47893 45 125
55981 46 31
85212 50 103
58449 66 139
97901 44 88
77062 44 121
23679 41 25
18220 61 164
17977 52 40
70436 34 141
13162 38 81
17291 46 124
27688 67 9
11087 53 28
96765 59 124
62036 44 41
84771 40 2
37931 60 55
98132 41 37
52436 64 126
92733 62 128
7477 59 154
21343 45 162
101151 48 110
99329 48 31
11425 33 56
67279 31 38
9247 48 68
77884 43 171
50699 38 171
6261 69 36
32738 51 24
56613 55 144
64204 54 154
18345 45 164
88426 27 18
97742 41 164
47600 49 126
7927 59 35
7957 57 1
27846 64 8
57362 62 94
58890 41 86
75282 39 105
86429 43 9
63727 64 14
59642 36 21
59247 43 141
58759 55 146
41661 44 1
43868 42 128
85817 53 12
26473 43 12
6486 64 80
56578 45 39
19832 27 159
35688 41 30
60201 41 2
75001 66 35
9477 52 10
54083 61 125
34117 48 29
56287 25 135
91446 35 87
46573 53 44
95033 57 31
29244 66 160
51438 42 47
57718 41 31
14864 36 110
83290 55 95
17063 61 113
91120 61 74
93221 64 67
55293 48 171
19056 66 141
43895 40 12
79692 32 20
58230 64 140
13276 36 6
90834 61 37
90081 54 129
50622 60 74
62406 46 142
88185 73 144
47911 40 22
74850 64 16
19378 25 107
28669 59 101
19240 56 120
48838 32 126
68423 49 157
96952 55 50
65034 63 25
55885 50 111
18347 42 34
59840 39 124
61475 50 90
100957 44 103
92715 29 22
57658 54 42
30233 36 94
33613 67 157
93904 48 105
68803 50 151
36834 36 3
60143 29 44
26627 57 20
65266 56 133
100359 55 44
103508 35 56
93429 34 22
92289 67 85
65028 65 134
11487 70 157
77545 35 47
45196 26 146
37428 51 169
96636 58 133
52087 52 96
37484 32 98
16547 63 125
9171 35 8
60083 49 100
23299 68 120
75821 53 110
98704 65 88
20419 48 154
16947 57 124
88560 60 76
94615 35 81
101645 68 28
54292 64 76
28482 51 167
51412 43 101
45268 51 137
36016 62 148
94137 62 158
18450 35 159
92033 30 5
99072 42 89
78804 61 144
18003 62 120
35555 43 13
9447 58 42
35925 40 18
99076 59 68
18866 46 155
47461 37 147
100510 59 37
97882 53 81
53489 63 101
38392 45 105
61429 47 34
100537 59 81
87241 64 143
13843 38 132
90109 35 56
14023 33 126
44601 42 170
51754 37 112
47395 28 152
53122 43 15
102492 46 131
51408 51 142
82708 72 70
52469 70 2
84667 55 77
15209 60 32
53610 47 22
57258 57 37
29784 57 71
45834 63 20
44917 27 129
65971 24 106
58884 56 112
93075 48 144
40737 49 167
20777 29 145
90750 66 140
80870 49 114
7955 60 97
100611 38 153
75902 43 45
64033 30 5
60565 37 75
17870 64 67
24844 38 92
94145 31 134
92598 69 157
9211 66 104
43577 58 71
75253 47 159
51709 42 16
67512 57 101
14592 62 144
40848 44 16
48641 45 69
39815 42 104
95548 37 35
40774 45 41
95829 71 120
68345 60 130
100192 33 99
48134 42 172
83902 36 83
101617 54 66
63252 65 144
42307 64 172
28634 65 46
83395 59 2
98411 52 98
103813 50 125
19434 66 129
77777 49 35
37293 48 76
55006 32 127
32759 50 46
11870 46 56
42042 63 2
98817 42 2
10637 63 20
63838 44 49
60907 44 172
56752 40 39
62718 68 142
57372 64 17
14481 66 16
21861 40 118
47552 58 74
77137 33 95
17135 68 109
78749 51 26
88267 50 7
68813 43 156
7849 34 67
70249 69 149
35681 54 124
18801 68 28
47403 40 46
16030 38 40
31834 49 55
80406 43 162
32641 35 57
56811 32 122
59933 46 16
55674 43 128
45416 37 119
27369 40 121
88495 34 137
80590 50 110
76873 59 74
86231 50 168
47473 61 128
71238 30 83
94933 37 69
100653 32 67
14079 61 109
66608 59 154
59832 44 35
67694 26 133
67355 57 97
6788 48 15
75922 50 127
30185 58 166
7147 46 133
51152 43 127
52686 64 41
90533 48 67